1000
27 245
79 836
181 731
77 478
138 844
59 917
97 394
90 555
219 882
30 891
282 565
152 305
9 19
317 635
102 205
1 1000
224 449
224 814
30 790
30 789
30 791
30 807
176 710
176 709
176 711
176 990
94 382
94 381
94 383
94 435
43 273
43 272
43 274
43 346
256 513
256 841
71 755
71 754
71 756
71 761
37 820
148 598
148 597
148 599
148 867
139 562
139 561
139 563
139 658
175 351
175 410
31 810
31 809
31 811
31 873
108 217
108 293
425 851
425 975
61 516
61 515
61 517
61 653
12 430
12 429
12 431
12 459
41 891
41 890
41 892
41 940
103 852
103 851
103 853
103 974
170 341
170 560
118 478
118 477
118 479
118 647
113 693
113 692
113 694
113 819
29 260
29 259
29 261
29 318
51 805
51 804
51 806
51 895
122 494
122 493
122 495
122 534
37 819
37 818
37 820
37 826
291 583
291 837
290 581
290 598
129 259
129 477
233 467
233 730
146 293
146 388
151 610
151 609
151 611
151 629
259 519
259 829
393 787
393 954
39 79
39 116
208 417
208 725
192 385
192 618
202 405
202 449
273 547
273 688
78 825
78 824
78 826
78 870
135 271
135 454
155 311
155 495
219 439
219 766
52 565
52 564
52 566
52 594
466 933
466 973
102 844
102 843
102 845
102 883
212 425
212 784
330 661
330 830
218 437
218 715
302 605
302 851
302 605
302 729
161 650
161 649
161 651
161 851
26 803
26 802
26 804
26 809
239 479
239 742
224 449
224 592
66 411
66 410
66 412
66 460
73 612
73 611
73 613
73 748
13 450
13 449
13 451
13 515
204 822
204 821
204 823
204 880
475 951
475 953
190 381
190 394
393 787
393 795
113 693
113 692
113 694
113 785
70 141
70 270
342 685
342 759
297 595
297 939
106 876
106 875
106 877
106 990
107 657
107 656
107 658
107 742
432 865
432 924
473 947
473 963
168 337
168 551
77 314
77 313
77 315
77 409
171 343
171 606
140 855
140 854
140 856
140 903
239 479
239 759
142 574
142 573
142 575
142 785
14 770
14 769
14 771
14 830
130 526
130 525
130 527
130 533
256 513
256 750
133 813
133 812
133 814
133 982
161 323
161 349
425 851
425 935
31 913
31 912
31 914
31 999
214 862
214 861
214 863
214 995
257 515
257 585
100 615
89 362
89 361
89 363
89 453
389 779
389 905
223 899
143 873
143 872
143 874
143 985
305 611
305 692
113 458
113 457
113 459
113 513
32 830
32 829
32 831
32 847
273 547
273 646
402 805
402 969
124 502
124 501
124 503
124 600
272 545
272 658
121 243
121 274
23 342
23 341
23 343
23 412
96 796
96 795
96 797
96 971
12 54
12 53
12 55
12 58
14 185
14 184
14 186
14 222
421 843
421 993
400 801
400 977
152 613
152 615
152 759
127 343
7 114
7 116
7 120
109 333
61 137
412 924
315 999
233 484
216 553
13 131
13 133
13 140
45 494
45 496
45 542
296 852
376 826
133 537
133 539
133 640
80 212
126 379
107 433
107 435
107 463
395 963
54 338
54 340
54 353
51 935
51 937
51 977
80 209
124 320
196 467
17 73
17 75
17 101
255 974
185 709
130 368
288 932
281 688
352 891
311 694
116 345
80 494
80 496
80 571
244 880
9 868
169 517
17 529
17 531
17 602
281 990
238 528
126 770
126 772
126 919
45 387
45 389
45 470
199 757
279 615
416 995
40 545
40 547
40 560
259 972
133 537
133 539
133 723
143 577
143 579
143 724
22 471
22 473
22 540
88 731
88 733
88 846
136 830
136 832
136 915
342 849
440 998
28 567
28 569
28 610
144 508
111 335
412 920
102 843
102 845
102 891
146 460
10 815
10 817
10 869
473 973
29 496
29 498
29 520
160 624
175 502
68 571
68 573
68 593
16 509
16 511
16 563
209 796
97 803
97 805
97 998
224 706
173 697
173 699
173 910
92 566
92 568
92 752
275 576
145 585
145 587
145 799
21 870
21 872
21 907
106 429
106 431
106 611
177 713
177 715
177 815
95 787
95 789
95 960
4 773
4 775
4 848
304 822
180 725
180 727
180 742
423 998
179 721
179 723
179 889
409 891
107 433
107 435
107 449
165 665
165 667
165 676
65 845
65 847
65 882
148 597
148 599
148 787
182 602
277 728
117 332
202 714
239 888
124 476
411 852
37 608
37 610
37 686
259 747
82 864
82 866
82 973
328 993
305 727
17 683
17 685
17 706
356 836
236 651
222 556
6 50
6 52
6 61
182 733
182 735
182 912
7 384
7 386
7 438
67 416
67 418
67 438
183 554
244 966
2 701
2 703
2 731
303 732
259 623
178 532
385 916
97 596
97 598
97 602
171 395
271 855
267 875
10 815
10 817
10 855
357 823
143 421
85 345
85 347
85 473
277 617
414 852
288 995
180 725
180 727
180 792
287 892
158 334
359 996
434 904
400 962
137 402
42 808
27 902
233 980
159 795
446 917
193 730
67 990
259 878
23 91
213 954
42 583
122 829
457 919
197 789
411 924
362 810
379 879
244 989
149 709
63 671
112 375
184 942
23 400
267 862
184 445
174 491
78 793
98 591
441 984
131 558
22 134
299 620
15 38
317 688
357 804
264 680
109 310
366 771
253 575
49 360
142 730
78 803
42 420
128 970
258 894
86 626
175 832
25 922
16 867
151 649
235 706
188 562
390 853
231 930
8 762
100 587
152 965
153 471
40 382
402 890
78 338
254 547
36 202
345 754
244 872
180 914
155 912
238 664
227 621
295 997
182 488
301 612
184 386
199 490
393 895
12 339
218 528
81 763
52 612
231 814
147 854
65 408
238 606
232 798
52 382
156 699
226 631
335 823
255 624
365 752
379 762
353 893
263 980
53 477
43 350
419 926
112 933
24 140
328 846
188 533
334 898
430 931
183 878
155 855
100 303
257 928
109 522
124 746
67 703
57 928
74 802
327 727
89 432
294 816
415 967
169 958
144 659
201 721
291 873
149 524
223 850
18 831
289 592
427 899
133 993
255 953
38 492
125 754
138 668
307 928
203 425
230 877
310 859
386 916
63 971
342 902
263 666
102 234
106 470
45 454
305 696
299 728
63 565
38 894
41 144
137 808
411 968
234 923
64 933
180 884
183 667
149 418
336 760
389 923
121 942
300 689
315 640
357 845
279 990
254 681
315 777
248 807
209 834
456 955
106 918
186 556
23 326
58 308
66 616
196 491
177 827
13 379
41 95
334 812
196 510
44 920
327 901
68 539
29 946
317 785
16 668
223 613
67 601
202 503
15 44
78 312
319 922
356 744
83 770
142 386
327 664
257 742
132 357
318 738
223 905
155 673
81 673
49 171
152 698
125 843
47 860
173 375
70 980
108 407
140 668
46 363
45 498
29 82
372 768
15 120
7 218
50 737
211 655
196 710
62 667
292 856
389 781
47 801
162 719
54 493
22 568
114 965
354 969
127 304
84 311
331 730
73 183
106 266
300 907
105 837
104 552
331 964
35 654
84 326
41 969
10 774
60 868
22 674
134 759
196 888
115 656
84 230
72 228
72 931
167 380
159 354
177 692
219 750
64 474
78 951
120 824
16 946
268 848
256 675
228 527
62 496
198 433
290 746
20 101
72 219
360 900
166 358
289 931
161 628
371 923
91 386
71 168
67 720
135 305
208 713
106 277
249 619
374 781
64 683
37 249
6 652
96 727
27 605
7 345
351 875
58 371
170 382
111 321
450 988
298 677
82 662
118 988
50 672
195 685
188 733
47 457
56 756
41 638
82 168
114 727
21 823
57 892
365 978
246 783
224 844
32 178
146 352
21 820
386 846
242 582
142 635
262 742
321 843
150 412
409 866
20 876
32 178
243 660
151 500
185 864
20 398
289 947
181 945
49 183
166 629
17 205
214 511
223 494
361 740
101 807
103 212
250 934
90 223
16 35
170 471
163 482
247 970
19 821
58 171
361 955
188 735
462 983
42 653
237 624
19 964
73 435
203 536
102 869
68 745
444 921
217 463
337 676
77 524
86 736
124 249
116 670
287 810
399 933
338 963
220 939
65 868
105 237
37 913
137 484
38 947
83 495
366 855
316 645
12 162
77 769
167 744
229 472
64 709
44 385
141 293
166 626
349 925
22 151
56 127
161 662
218 516
90 916
20 957
138 956
311 684
65 172
427 985
344 842
31 561
15 169
338 817
81 929
47 475
96 249
33 961
62 184
77 619
5 139
94 399
23 134
108 736
174 913
62 201
117 396
149 578
265 977
211 996
353 775
476 985
74 456
2 159
265 788
363 742
330 933
282 750
366 854
95 573
138 637
277 697
379 859
81 879
361 770
56 494
32 823
314 919
83 914
328 982
157 511
432 902
9 830
95 652
92 833
42 306
151 560
431 984
188 662
249 513
1 399
211 739
107 482
254 1000
251 863
211 600
217 473
67 677
176 516
130 543
116 669
381 827
17 426
135 453
323 728
38 582
175 835
