100
3 8
5 6 9 4 8 2 1 7
3 1
2
3 100
2 4 8 16 32 64 128 256 512 1024 2048 4096 8192 16384 32768 65536 131072 262144 524288 1000000 1000000 1000000 1000000 1000000 1000000 1000000 1000000 1000000 1000000 1000000 1000000 1000000 1000000 1000000 1000000 1000000 1000000 1000000 1000000 1000000 1000000 1000000 1000000 1000000 1000000 1000000 1000000 1000000 1000000 1000000 1000000 1000000 1000000 1000000 1000000 1000000 1000000 1000000 1000000 1000000 1000000 1000000 1000000 1000000 1000000 1000000 1000000 1000000 1000000 1000000 1000000 1000000 1000000 1000000 1000000 1000000 1000000 1000000 1000000 1000000 1000000 1000000 1000000 1000000 1000000 1000000 1000000 1000000 1000000 1000000 1000000 1000000 1000000 1000000 1000000 1000000 1000000 1000000 1000000 1000000
3 100
1 4 4 4 4 4 4 4 4 4 4 4 4 4 4 4 4 4 4 4 4 4 4 4 4 4 4 4 4 4 4 4 4 4 4 4 4 4 4 4 4 4 4 4 4 4 4 4 4 4 4 4 4 4 4 4 4 4 4 4 4 4 4 4 4 4 4 4 4 4 4 4 4 4 4 4 4 4 4 4 4 4 4 4 4 4 4 4 4 4 4 4 4 4 4 4 4 4 4 4
1000000 1
1000000
2 20
1000000 1000000 1000000 1000000 1000000 1000000 1000000 1000000 1000000 1000000 1000000 1000000 1000000 1000000 1000000 1000000 1000000 1000000 1000000 1000000
3 5
11 20 60 22 100
2 21
1000000 1000000 1000000 1000000 1000000 1000000 1000000 1000000 1000000 1000000 1000000 1000000 1000000 1000000 1000000 1000000 1000000 1000000 1000000 1000000 1000000
2 100
1000000 1000000 1000000 1000000 1000000 1000000 1000000 1000000 1000000 1000000 1000000 1000000 1000000 1000000 1000000 1000000 1000000 1000000 1000000 1000000 1000000 1000000 1000000 1000000 1000000 1000000 1000000 1000000 1000000 1000000 1000000 1000000 1000000 1000000 1000000 1000000 1000000 1000000 1000000 1000000 1000000 1000000 1000000 1000000 1000000 1000000 1000000 1000000 1000000 1000000 1000000 1000000 1000000 1000000 1000000 1000000 1000000 1000000 1000000 1000000 1000000 1000000 1000000 1000000 1000000 1000000 1000000 1000000 1000000 1000000 1000000 1000000 1000000 1000000 1000000 1000000 1000000 1000000 1000000 1000000 1000000 1000000 1000000 1000000 1000000 1000000 1000000 1000000 1000000 1000000 1000000 1000000 1000000 1000000 1000000 1000000 1000000 1000000 1000000 1000000
3 5
27 729 9 243 81
2 19
1000000 1000000 1000000 1000000 1000000 1000000 1000000 1000000 1000000 1000000 1000000 1000000 1000000 1000000 1000000 1000000 1000000 1000000 1000000
1 100
2 2 2 2 2 2 2 2 2 2 2 2 2 2 2 2 2 2 2 2 2 2 2 2 2 2 2 2 2 2 2 2 2 2 2 2 2 2 2 2 2 2 2 2 2 2 2 2 2 2 2 2 2 2 2 2 2 2 2 2 2 2 2 2 2 2 2 2 2 2 2 2 2 2 2 2 2 2 2 2 2 2 2 2 2 2 2 2 2 2 2 2 2 2 2 2 2 2 2 2
1 100
1000000 1000000 1000000 1000000 1000000 1000000 1000000 1000000 1000000 1000000 1000000 1000000 1000000 1000000 1000000 1000000 1000000 1000000 1000000 1000000 1000000 1000000 1000000 1000000 1000000 1000000 1000000 1000000 1000000 1000000 1000000 1000000 1000000 1000000 1000000 1000000 1000000 1000000 1000000 1000000 1000000 1000000 1000000 1000000 1000000 1000000 1000000 1000000 1000000 1000000 1000000 1000000 1000000 1000000 1000000 1000000 1000000 1000000 1000000 1000000 1000000 1000000 1000000 1000000 1000000 1000000 1000000 1000000 1000000 1000000 1000000 1000000 1000000 1000000 1000000 1000000 1000000 1000000 1000000 1000000 1000000 1000000 1000000 1000000 1000000 1000000 1000000 1000000 1000000 1000000 1000000 1000000 1000000 1000000 1000000 1000000 1000000 1000000 1000000 1000000
3 4
1 6 12 49
2 6
9 64 19 16 81 80
46671 52
144232 5956 383258 690077 394588 881281 44690 392910 272340 130675 258209 181575 79388 81718 874614 96906 930838 662313 941651 422310 15206 898740 487616 894694 6685 24524 835 174542 1851 504302 30730 1010 10287 448551 11729 617607 121389 211589 303284 281744 902488 429990 1369 484021 32862 499313 933746 48749 890831 322328 458401 696674
49672 91
313281 20391 276456 254337 879611 360347 714935 47693 83244 41775 797720 33472 1229 355907 664313 712894 31176 735624 163131 88725 48781 1671 133747 473219 103618 890767 16333 211059 856253 166355 70563 210479 177660 781753 101 575919 536782 2573 187960 642641 365937 942686 673684 581779 994 613021 829442 418825 158271 49437 192719 132081 146138 155466 7959 322359 95009 9458 697776 948904 5247 524136 576123 827105 852353 524410 347877 222 930782 564488 13280 516887 187754 529366 376931 546638 340 52843 25242 565409 304827 309625 33456 407085 596885 806447 599482 8529 227 266062 407080
63486 27
120988 136956 715740 627250 83853 555257 61634 50625 60672 271822 120780 454806 287719 855759 431590 4139 599583 59735 534610 3306 957009 832024 41790 419144 308548 64754 3765
108912 55
716499 545328 44637 228206 531628 196574 383897 422384 638193 26 3155 577744 908172 4057 314957 714767 350199 271959 396165 540312 54262 109207 917887 627805 572457 600548 454575 59073 987299 46039 539112 901913 529329 86146 654998 76545 325431 115473 922361 166104 81814 883758 319488 63825 30168 125051 13331 122761 650572 265950 69425 831050 45398 454314 348
28838 85
33513 433502 343809 31009 6255 198708 374183 138040 800861 986319 23703 170574 2180 243322 879440 891446 312842 213662 304564 562292 7916 161329 364976 46672 926106 289479 117222 815925 31765 39578 814997 164423 609968 1223 288893 219330 467645 839340 121638 838804 47153 624823 221914 164028 340334 84978 674516 4129 10577 2742 14655 270 510719 99875 2523 14131 7762 573658 220438 8813 13731 509478 52092 257770 646772 606575 472606 100090 384685 95858 301904 395778 879043 650095 558116 446799 136841 18 681921 512525 11192 185778 112007 404383 227435
182835 67
717395 3234 206929 1 897269 145615 57115 455800 571009 35700 27928 771263 83721 29572 98488 564844 564392 3936 315912 4209 308545 21321 3446 560 560326 816077 139205 309 888215 17827 267831 170609 205542 963908 24241 912564 364094 845760 62609 8405 936240 838420 105711 139911 803 33175 134538 8473 164868 83460 834413 287525 697371 269237 357005 95049 767 260071 850064 295917 23643 19815 15029 483586 139762 385848 264079
3832 64
322617 103460 363285 560380 415304 274905 37076 18240 432232 336503 948222 1277 743442 724273 192199 1739 148444 34940 31454 136293 907917 642332 947226 90391 105747 4299 238 776718 20738 191 613817 571657 145321 862903 650897 1122 722644 20280 58278 1523 15165 141640 7783 525016 754640 502825 245135 43773 92324 505844 485371 713124 786798 627156 821130 989165 62707 5777 136782 17404 18512 51 783770 456900
78892 98
739377 119401 207504 175161 106688 1518 3055 669776 39243 1246 786293 57268 34914 393674 41075 422576 37845 193908 126335 283813 841472 163868 19733 419297 854566 145055 3231 90856 116754 774613 1806 600209 597920 14924 77555 204688 135183 374437 693583 49427 704788 293903 166543 117323 579695 401146 87286 315849 17306 128853 187229 193751 68049 874997 856079 21522 756082 214860 458844 2386 304354 87374 57210 897968 444631 945718 354733 453879 13 358010 109421 658605 865471 113662 620278 263604 304524 543028 476035 242411 715404 706678 503711 202049 891049 11670 78667 810805 842532 575570 128996 54570 785196 525866 769026 534055 823999 15294
218754 48
963233 16906 884277 188617 186341 136917 125493 528556 194135 238654 392356 91915 266036 973081 443818 743181 637006 13 638528 98840 283471 40879 51506 726542 94702 305745 168220 682584 186036 1791 719287 864307 416423 363561 251197 555 500797 799708 8494 86164 969836 185365 227937 785467 909737 757243 58320 903996
1398 37
242635 756502 481089 686796 137151 798245 36185 14 588083 597282 337052 148340 65891 108561 428840 92071 770287 197859 232636 51472 179568 398971 77843 815954 91022 749151 110209 61641 992965 111179 135534 7088 41464 45756 219226 580316 264543
92129 65
992418 148842 2468 299748 929363 4184 42308 10665 62802 14416 130723 4413 69244 2591 207787 894828 350131 398969 505220 718157 11460 471230 59893 136791 168870 179416 742753 223957 24562 5009 210507 443684 79940 47640 59034 349064 225834 348148 987484 27946 437139 387565 72357 37389 225445 650694 304561 78080 58683 31534 70426 881606 319989 586986 811453 331716 1854 414665 8849 38862 724134 571690 424657 384200 20244
11 66
22568 3614 51414 79134 776409 224609 91690 120870 830526 118307 41761 739652 586947 631645 359009 719033 153227 765202 96296 42788 284899 2078 223031 612840 186923 878807 2887 13598 158549 881323 32237 576246 693836 693172 45341 64243 94251 94 176278 430710 81545 137028 365330 163757 450909 35234 451734 110269 270283 463 120521 275417 948265 511520 81971 136317 21725 246484 367793 33279 344487 242603 477285 74917 224827 112879
151703 95
482523 103826 193019 13109 986378 369655 455361 24053 605239 990123 837561 790492 557235 451408 821 126515 392736 4521 25456 31056 162668 204127 934226 273149 557060 778454 482982 232608 61982 385350 265084 907781 196362 25129 709415 52977 394381 44691 322605 404276 646522 51043 469996 80941 283 718812 474585 663230 454878 112272 60260 84526 58024 897519 401333 70687 883758 13142 257209 82036 26351 488391 415841 63781 1458 769504 201922 168744 470492 182609 38150 145087 70427 125618 2137 121056 593440 981369 254568 159985 461779 539166 22 11094 57403 448919 186881 188822 38740 26579 396248 144552 85122 539940 819313
71309 63
383492 24 707862 617221 829469 383395 707979 89072 598464 87114 345927 700720 467044 191417 142694 119639 136534 383731 860976 317741 325380 968799 797917 526377 156961 380787 280829 139313 18550 735 467774 422246 976891 155076 567135 710673 164665 322703 68335 552353 399159 1 44768 586119 426777 156068 159487 708287 336595 348377 271424 43492 15202 515577 2608 162474 107288 690070 94108 217566 1324 75167 318861
59056 35
525285 30673 375882 287272 516645 18400 204 659525 116579 58528 983109 244221 719648 369188 876422 90413 31930 1268 521803 30677 397533 580550 24110 39633 242519 72498 54277 730327 793537 19655 863290 574696 167977 541682 250105
46132 46
85449 236921 19243 547270 837868 306780 435858 964527 594022 189284 480 355834 996416 520577 283555 735897 3545 868540 111635 13552 40766 355865 1288 159259 252874 116900 36559 391459 198942 670049 86776 621716 242191 25061 613818 15804 127377 16458 617505 401989 34667 307039 399664 5660 189446 289015
2200 13
150459 25841 2778 13603 229340 133637 136880 26870 346413 317893 9397 8383 140267
225166 35
42261 10317 153385 793484 41524 150191 13966 130448 16360 832722 965772 893120 158581 654770 60721 16699 378335 313726 690616 813186 634699 600709 55057 40808 8171 126220 155745 465058 784348 127911 44738 84131 477634 23534 22522
1 66
791221 851271 365297 23565 186781 127865 340590 649717 587822 373355 468997 262988 827509 266202 716664 1 210512 165374 87207 90152 3201 181734 257316 310684 7225 693657 421171 84042 155934 808613 55473 457842 407947 416515 354060 19327 820327 35330 928173 573 101689 764425 131991 226739 558012 457642 254587 91227 508405 102664 133916 441357 258155 996643 107 297924 874083 195776 738 33650 968517 29392 786371 429526 225908 48771
8839 95
720993 786781 489426 270103 851480 360011 20966 20838 255331 321015 30762 254415 41167 506693 159078 33917 175525 257828 81938 646102 2615 88751 842602 88471 180526 145759 123835 489100 17654 266650 1556 996557 681006 472698 201497 91668 857875 912535 4895 66649 767035 663167 23517 209743 186388 64464 376619 339846 1630 6 117508 364477 88747 172431 90425 173748 493984 231946 775292 45717 615450 31318 501170 974509 43927 426910 711 169404 175035 15 967134 184404 826287 19401 610186 342168 850079 393222 61609 678436 253190 829992 662327 555770 436937 68890 21350 650910 827200 442545 208821 4176 679698 267836 52647
109875 19
50348 17626 944769 770999 247780 209 314499 692 83243 761333 35493 82524 773320 382618 749752 7289 456 308174 147043
147812 10
596617 976806 646091 424135 317640 2017 929014 95453 80093 78743
105564 59
585961 2813 9783 363306 790917 567592 206648 600414 141806 699 513411 692420 515994 607679 641915 718007 31209 812128 72141 828214 118513 963215 440089 397069 114465 101178 3089 1987 17349 73322 547402 398951 43166 36481 83342 50843 722317 445891 681304 59463 997392 173863 125315 200398 118973 412783 82 149356 81534 85682 95824 23451 203193 978622 145324 125936 185078 562090 35390
173747 49
167166 389563 160683 751525 216033 101112 87081 70351 165372 7974 8500 108648 501465 133464 521394 18382 735920 212070 195232 604407 57545 8393 18733 46420 8011 33974 9484 35367 31908 270967 230717 568247 672579 75099 595643 507809 768205 496720 338105 193003 691226 768831 787536 348203 259321 22741 950003 424783 340121
9725 98
393505 6070 292 859105 301531 268733 64589 550641 350081 154970 2355 148144 121840 520755 84700 330999 24923 34804 900876 149559 167297 302283 864533 750707 750665 136213 817837 9229 541260 910608 393671 59 531842 864447 21819 17999 28222 609368 899499 534695 63577 211500 271668 2573 160581 45469 737214 568556 567381 332907 1997 997016 867541 33784 56418 291081 790217 407452 742504 691751 25998 85259 1329 493429 18739 739029 977508 124994 22677 203279 274098 53007 740579 251282 52134 178395 575237 187 68910 600069 49 200813 711166 936866 718332 540581 376570 749730 12341 67968 255601 269685 6745 237087 165069 687000 433287 753423
11101 71
388200 680370 529798 465954 188736 136382 178119 366514 4172 391825 28751 761577 281430 550152 95596 53562 60883 1551 283353 93446 79705 973975 191722 922820 296625 834279 701961 61174 382146 784720 664236 80574 4336 76094 92420 433076 83478 7078 910075 884637 75318 322 500529 442941 374012 5794 350475 618171 959196 678115 153206 17252 232287 757535 261475 1 340029 718567 663712 96560 407770 884760 443723 403078 103381 625 589310 71128 13526 382538 323
25884 64
106234 512244 10381 679 45052 388803 196904 292211 11278 18689 743859 15030 369153 303664 828395 874929 73935 39966 247958 1721 890672 477624 600187 979913 20224 23869 929547 967520 835481 942540 202 184696 13376 6014 959 966255 80513 203 709054 121 260413 848625 511699 222111 399565 119904 50179 2390 2287 563647 664799 704 97928 80292 375226 6987 573601 319185 761706 47483 471303 699613 22844 126809
126366 74
8594 267372 45237 604485 271624 271266 364023 62626 56182 45802 444827 296143 793020 415056 117232 147402 137623 745349 7592 941412 519664 619433 292563 49749 589221 8319 955763 393646 262117 10525 318424 320284 606389 392078 190514 105186 21406 293730 11932 122100 24309 290232 134492 394764 62765 225896 496080 13521 946699 212484 265757 158460 57216 6059 316322 489823 772353 159035 571408 85098 258818 62286 28186 97244 44535 662079 245987 292448 693131 418584 6033 87953 631992 535657
25675 37
666714 123183 209122 409007 133864 96981 702651 167971 481168 83179 106474 6895 223776 46725 278414 80486 208589 942328 4484 230354 999734 527602 207730 538730 123901 688427 805666 16220 791 283310 329010 675177 353160 7520 71040 144 74441
181327 86
793145 757722 22909 691687 822072 250430 271703 343850 231887 257103 495076 867206 139818 11210 121501 337564 219032 116975 224180 16477 153215 815884 34971 406191 6581 673854 623419 233814 17883 207761 457637 338295 1571 51583 279706 451084 177376 781828 26 172379 253294 227818 919513 136800 361104 82206 302609 296367 707469 783170 293784 886705 8137 209175 13471 519338 114261 322251 274068 99101 410 2528 72500 827135 241441 796940 41237 465432 93077 73942 119135 71005 2241 48084 974982 628385 251069 707852 521758 3243 892052 421923 4136 53146 26984 301192
98998 49
60305 70844 1183 33716 56158 280420 718057 472042 225362 592368 62765 202564 595113 352453 859492 896872 15653 609189 9642 37765 246306 110672 220850 845557 194949 497793 112574 263 185525 732 23264 73385 629536 347400 774533 265361 18765 400289 171740 417224 297130 618794 689545 663865 26103 235035 577961 189347 885605
14684 99
668812 924722 266509 754093 15732 838474 29824 133915 289626 283267 886487 808547 873162 268980 307755 866164 24743 28601 346482 987800 617277 15069 14822 252618 33939 54512 346423 308149 72676 506264 456844 26017 147545 948707 350101 315815 23112 97726 672657 151032 375098 615817 49169 34069 198207 180872 945436 23857 12463 903936 725012 5102 875563 347647 600768 18377 852266 215394 607830 820179 528317 274 30019 434790 9888 11064 966651 191650 606747 657088 439975 417131 27933 428526 870 344544 583877 228477 182578 134395 504214 371777 7971 203327 819555 400484 571895 850170 691061 30642 234864 947909 63722 36592 384864 405305 390645 52477 124006
103546 53
176157 721076 275691 27304 45683 453089 964883 134658 252336 875072 1594 647051 86965 11503 6050 552710 146424 80147 757578 7033 409141 517010 177890 337315 918699 29155 99797 142693 708725 28854 211044 72691 107969 89765 176631 6587 487359 597670 756029 181131 465739 47198 212808 109594 881479 10650 1270 246295 511453 404497 15040 177996 738890
2001 37
501578 473418 232177 1165 420138 56440 786722 1076 520093 336561 942942 168856 587363 44583 96164 273038 751223 60961 441590 591812 990746 5229 544358 21429 290295 806295 983466 112785 4299 29544 903963 918984 118604 20455 9307 337962 617829
11 65
248399 12671 769810 114861 394330 667034 300408 173201 283692 723740 617449 16760 498710 154999 386339 25381 503162 845570 149045 322104 225057 627547 833825 358446 842922 74907 414350 96198 795883 41594 3170 589017 73588 24514 843616 520515 654531 612834 571172 2890 337072 133188 823863 448553 481489 876133 195069 13104 47751 81199 41371 257429 963135 408993 454660 517897 12359 11344 44710 4607 368844 345223 32642 560325 502400
71426 14
275081 372236 49197 895152 414123 126145 73758 189556 274772 227491 101954 16526 360232 208724
10687 96
56269 39075 17852 647809 420588 313635 841156 21068 39630 775618 417823 67175 38088 641410 381211 52628 439991 51957 408728 2181 126788 38478 11272 32309 418478 898346 130473 778045 241 286704 64048 858853 91517 926146 294983 332448 590387 18438 24156 211047 731113 7742 53827 20332 871867 18286 7336 604925 360717 81453 3223 407701 874957 169535 63458 904133 4281 48877 168223 836834 17346 87686 520037 153270 799581 176964 44446 1592 761296 512664 179274 837702 695713 561085 606168 644456 16083 91184 52169 181875 23615 129298 29687 4669 151369 22977 268113 20434 698122 926914 423 991997 8541 192961 45204 543282
191440 23
559663 870198 92990 423476 371730 772519 365926 249743 367054 340011 848348 295642 161684 791656 854925 153925 48320 57489 31817 7356 2508 691086 188159
73463 16
123013 91699 469745 735245 258887 165182 743098 14436 921592 9391 279849 25990 872983 868663 148328 597762
68840 10
359002 332257 108127 131146 509322 175732 47035 349840 125692 52765
50406 88
881995 453814 198 301386 525939 195922 172090 754371 88421 243989 57335 182590 701827 650006 104618 47366 535063 62123 990482 637875 37474 775044 793497 529481 790833 214546 8774 495826 274957 608912 881085 52778 131771 352052 3465 168027 939018 151308 966360 827 29101 285839 100585 4809 7 201 128009 239508 3685 6419 249575 941153 548065 31453 68416 738809 484278 749658 483640 10029 55713 998462 8945 187722 629960 669 435275 536983 121875 96661 147215 200130 154524 52988 444953 578822 219906 7033 709388 750964 1569 86915 49611 983597 434106 3556 28874 555642
237064 49
9387 624648 193866 201776 454512 540169 146441 393834 406828 202435 432988 40068 808451 403524 42728 837584 243765 84847 828084 162007 240946 178753 100422 956536 25806 723993 431825 161080 33881 679994 218784 131002 465694 431011 471728 648993 33603 32232 146452 13846 30955 11356 778299 75958 149829 230338 12857 998750 54288
219390 68
103212 786189 77248 707669 197228 481474 123915 874288 954483 918955 68782 101581 154521 325086 531598 1542 863448 554768 115243 137037 50612 747687 310252 336014 462834 760877 369856 172537 199775 293301 159003 137294 124477 776486 207458 780108 33381 858208 613358 66115 44860 798931 573715 186937 908016 23213 881874 651175 55056 956804 715615 982858 843043 134833 634670 832628 180386 122603 863187 114172 351716 578930 388676 433813 744948 37520 92564 48247
58287 90
311324 59751 565330 1074 15802 671094 30553 940599 13788 562721 5783 338762 1115 513448 202949 209148 428408 734061 17781 31397 641 718772 733485 998905 21143 819436 10467 49877 240788 284310 960906 172532 621746 6685 246006 271202 23922 328966 266928 22392 299181 741358 49 346338 90562 412294 989764 743781 986046 432762 53827 110659 62937 37420 789816 816911 36283 712173 297917 722635 26045 440954 28300 666 65743 319436 21004 85143 883411 1142 261215 27913 49165 630854 115656 550093 132032 486 696 127090 5330 293889 332044 26722 579387 658551 279766 33206 265678 81190
19802 25
64805 369032 41968 582479 268586 461749 88576 474157 162660 12080 754638 94699 34839 244967 469242 53557 670914 673129 999137 33604 286448 217540 207457 661535 147610
96381 31
259487 3434 653456 853939 231437 16563 6635 978 833246 479615 206085 863494 79499 631400 45691 365109 291917 35940 393801 512431 560080 373987 742948 12525 1065 136249 281488 310034 2635 255789 657681
27452 15
3083 18154 340264 297748 65291 271424 222898 428675 18558 316397 286661 290606 277831 204265 569726
58177 59
20168 484096 282980 38832 666656 880699 18863 756866 593558 1866 938746 433580 380438 145073 922837 360632 865279 109247 13400 5691 147055 192714 783475 199996 69238 641118 994149 38459 69050 755417 2823 661904 114741 44426 982092 337059 45777 80031 312006 832476 405729 19163 234597 883631 813222 986053 12711 464213 698247 62856 994193 124012 859384 303441 947739 328892 317449 141 41944
3702 89
130683 8188 804144 449349 649493 769127 128268 600280 139 612929 146887 100923 305 201611 8373 793968 56278 361714 507495 733126 906493 188105 737633 242391 62787 12845 28250 171466 20134 7751 334183 323076 147910 900845 915909 532326 702899 260103 20026 442827 10348 906822 21817 657788 29304 2960 990291 447331 156647 889551 11158 74443 43910 866932 448927 70433 738122 147638 351115 547861 402644 538671 213989 6737 236506 626993 169085 157859 732884 28136 197501 811534 200699 12536 506213 259738 223970 152243 886310 133581 376315 151456 749339 941640 602614 707437 113947 6321 197920
233097 54
49020 7109 148745 479189 179073 68523 77161 3071 501657 973874 145432 660714 33105 435645 67932 216294 219975 91363 123678 464914 473352 934366 665912 668832 691270 453190 893024 58287 939370 366191 897632 810407 225724 186509 250856 308913 962346 2630 500276 71819 319804 13515 840200 682525 471629 918168 257738 201227 141164 35469 495674 303185 274009 4887
234715 44
121010 184279 380730 380142 350753 131425 565688 612276 12461 632401 668492 277746 645458 248313 21598 746371 83118 110965 927593 176589 643773 9122 336698 407095 18272 754818 636468 335602 83267 205390 996 142918 991633 904367 871384 230270 740958 734747 829164 51167 62243 177527 80918 884758
149637 74
105661 298913 698639 5388 661057 825672 720563 336217 777977 389079 275846 297602 318268 503627 3812 591527 679221 111511 1643 249796 34287 351241 76825 99898 825529 770276 2240 1024 814934 441946 274887 97493 231388 38683 359708 615 583381 827115 10259 1869 29510 54872 574734 418372 61533 152230 181731 864565 396839 272559 805394 32756 5984 938 766292 190698 75439 47282 944844 651072 781181 871190 135 997342 613635 305858 17038 259883 971549 144224 959840 319068 1 398840
6591 69
418698 169339 158079 104773 426128 1 89546 25985 52305 37595 113012 875009 744190 193628 615605 251754 709058 840438 205612 328864 798775 83089 268312 1564 17327 666509 953596 446587 127547 991112 196852 641859 386670 40573 333461 642231 128433 63623 77449 379801 13532 123365 342943 129123 205876 787312 15546 592381 187875 139218 150719 57117 15599 965155 1215 313 301421 90768 801008 16921 173175 929111 74458 375107 58904 22296 827284 388940 783350
45790 41
77562 97072 2599 393272 684338 53438 136227 852459 162792 53220 676579 799843 268161 305286 38467 10057 899738 387161 693032 65400 199539 58343 1168 347053 326669 180 523551 81391 33873 783591 876887 843671 813561 84736 361209 561936 630759 47524 255102 47071 251787
133303 38
733831 432767 7064 320562 798988 170949 499256 437652 478759 181935 67426 646751 1128 425489 209010 121564 169939 961273 38686 375192 137120 622273 368394 202349 650296 10429 557591 347436 892216 803690 117646 77060 4526 453060 380535 683307 711891 876786
5079 96
373841 206726 126398 168075 210 197385 2127 123 172833 500183 474433 981812 167892 19150 244527 393330 346271 685841 123839 21154 613037 182300 654000 691511 8173 207600 455530 681963 515705 543893 98812 913003 256281 47214 865234 204938 643897 170529 33312 9211 220473 22853 176471 372091 875 619245 107562 176849 12889 374621 9623 315340 848937 45711 900296 454353 334507 136506 913474 101819 359 73956 101691 32 350729 212048 724666 140624 110974 740763 173216 33920 48523 1136 137518 83750 14585 6535 23556 714436 884970 199 541362 391562 26730 1606 194855 213270 988847 934299 14256 66300 56604 417086 628104 882285
13588 74
649327 648371 599462 546 97748 482774 307228 1155 2937 842880 18596 457232 585696 256700 725713 402523 491524 317278 27871 97805 979430 9807 27659 531385 122528 631704 484761 690893 128346 2043 17517 224213 648669 400805 233510 567754 25670 210546 88589 171470 30274 678887 382884 401635 13219 265335 65225 742465 13336 384732 634007 194261 994545 782518 4981 397645 378187 485960 214378 72524 38749 109086 402120 20791 73841 8228 663 370921 503645 112382 134045 250967 846994 922571
13252 28
136769 226622 726126 754309 495013 959555 952064 228168 8998 5280 260936 1 270807 308476 937549 410895 405315 7455 3939 168110 44313 301236 149404 138606 245003 14822 3573 245784
94499 15
21972 285149 651897 13123 6899 136212 377947 429847 30998 458530 22391 338482 11699 54953 19903
51456 84
183629 1892 914981 493825 492658 887190 844 457325 73636 246927 9370 321112 639679 582903 127369 601752 680548 6969 944729 271122 5801 365 999683 192503 589077 13199 290795 697188 41643 153386 352836 219601 289479 54407 257868 806090 843403 661958 65724 3931 112061 702124 501947 793955 208343 290242 344871 363496 468991 75038 655636 495638 537450 383241 332845 244317 160129 18637 220223 74433 480956 581632 157664 955926 625840 904828 457576 82481 720944 85984 673913 200441 18130 11840 246719 637120 821630 74777 256397 249006 439736 958277 80404 314327
169 54
164255 782457 91983 938476 26735 21684 31275 175696 971400 527432 895303 375858 217 143448 385895 3678 224498 562322 391149 584342 223066 553473 295901 42520 92187 560052 404469 789441 830163 135525 118575 59033 927173 28980 22724 150305 48223 465783 134865 805726 434460 387517 7037 251061 913614 885006 271426 425295 758548 244581 924060 383632 532876 837243
122684 62
13273 43460 29376 15798 426826 634372 2821 18010 3058 51327 3447 929248 79295 359358 773232 337220 792164 983037 901396 342055 377202 7482 538636 66672 51211 11839 534502 502 2642 753656 981007 3956 152541 86786 776890 179654 403768 130508 1676 123317 727146 442336 148970 174962 468560 594581 606322 373038 598688 720337 146360 295072 46766 311741 182479 9199 763165 71335 1963 690421 179410 663281
1 31
262560 771048 291995 89948 5217 588244 825899 130778 59423 805676 827337 294207 520262 111492 22342 2918 2586 221176 47876 169506 122176 1674 727459 250047 227749 195483 387889 790636 242502 157092 26766
86732 66
513521 38799 697064 946369 474 856410 722573 990243 2561 52251 83552 899503 483317 909190 614683 559829 200966 78321 122776 614537 612817 193772 132944 3417 208656 636627 771891 528668 146831 217654 236833 175873 53405 794128 608013 395767 99782 24481 347160 4435 637927 12035 415352 783476 112753 478257 611872 637332 140293 105460 15934 957402 10415 877661 1606 85239 374913 464376 840580 598 26538 518471 134268 24229 761255 608678
106259 54
112261 16639 82633 543014 435388 86076 24744 536217 51223 196753 425852 408352 287084 50683 267615 280544 65747 894080 588717 43338 22046 257737 15309 177920 426832 24974 396815 463985 89428 72259 153748 491189 221509 255220 125429 260291 104139 766805 93346 932094 23889 778355 223370 27994 846059 42266 105417 450028 504231 672915 66505 22827 3316 116788
94091 85
20723 118294 623114 623244 599756 111023 156845 175965 13652 15742 44370 28 137122 8627 815437 691716 21140 130201 137338 2494 57597 229037 801227 249931 133813 523684 568992 66283 165794 46805 26178 645490 859017 137845 128239 94476 636034 13691 505585 8012 614636 85647 444127 189323 88752 91963 628614 503793 34453 348029 725506 3940 727092 273333 16106 399334 757953 528027 255843 877280 219252 167337 23927 187940 187286 383 239443 372450 458271 102048 136866 487735 51181 34075 87303 32252 193687 3323 164149 360924 177127 678799 95820 6698 438924
233895 64
259 9200 45170 173001 468256 508946 6606 325058 407763 515824 20143 4633 535145 730315 5 51899 234192 53066 86502 2801 67290 834777 501984 256151 681160 152225 872018 917785 152551 25037 449736 230079 195751 960850 328076 509804 18464 71357 44202 365300 9349 570432 150617 4564 36243 528585 55508 526294 69484 968222 550558 173212 444877 624049 186449 521043 3079 49021 557094 918532 485477 423582 5604 58645
2002 85
684193 311941 111070 560408 44445 472568 344207 131414 755513 604445 162243 145897 317265 631968 366976 416784 806956 3656 25876 249204 206168 465793 900879 127940 996311 26779 901860 474273 183134 49027 171298 597975 345297 61092 378150 456464 258454 197969 113 149080 65593 425191 236 689352 554100 641269 957187 717373 649030 839798 250 592323 500069 568686 182885 599 466893 75876 112022 634678 259227 750854 424798 73105 297634 459468 454257 11924 23969 172332 47121 52000 208442 726452 641282 29935 117789 115385 360448 807718 758962 361424 889891 783800 88871
118183 87
430631 631070 597288 163819 12031 117328 50786 8994 162204 170202 285405 926 610815 671782 945697 760719 585608 842797 57185 61676 984594 11 31527 714653 558012 531703 672656 485302 843819 29744 776154 237095 342285 286864 879728 66560 107251 60 707292 86355 114144 865732 145795 74711 115582 43359 642177 630527 83026 468043 898873 947697 539886 264115 83112 358955 54308 969967 90353 61802 432457 295601 470079 188894 246943 475383 590350 112775 9697 560614 629561 996482 880953 5963 12900 13027 324624 165424 639939 349340 379730 210742 9273 123041 526914 691581 650227
9467 67
976374 17408 152393 57562 190963 327842 91165 372548 725778 27 46473 309683 84118 111668 560549 102135 82298 433496 2057 648035 41829 280837 22234 20949 393214 16261 3355 515263 303621 275222 65107 129907 114840 30776 343592 697281 10221 90524 63818 34 379248 641699 476886 664911 126483 917832 28413 25 778817 27244 299729 48701 284133 192275 177345 724678 539925 2404 27716 315812 80608 104940 76254 245566 13095 394474 884652
158998 27
241901 41561 952626 112880 77356 3486 19543 97277 722105 659276 995039 58657 937592 275614 158474 659947 233477 348061 2111 80828 18756 64007 334287 5579 504504 364122 68
192557 19
49997 517302 27852 801620 210247 133487 947271 413387 392111 616794 855937 607646 124823 1087 549821 595830 107288 42092 108979
13188 14
422072 260457 260672 1742 240128 977305 250171 976915 104117 18204 691205 20956 275121 47537
79455 64
25622 193704 94224 14972 54832 58556 8821 708461 691013 120427 80007 128551 407823 434021 39841 22639 349581 625 252936 984180 282674 398882 232284 789037 333148 14502 292323 530625 814631 158600 10659 12175 29100 146 41932 90369 6506 273959 16162 15009 1646 69352 864225 3362 549422 583541 636 223403 487791 20415 45699 16 87548 791094 944066 292939 63151 983959 229579 110847 19634 181497 496694 95023
198856 75
513187 376615 328434 14042 963858 78182 611849 619476 447 187020 142951 697940 38770 1928 42838 905308 477830 656809 1457 839965 753526 30998 178805 391012 445346 1737 321171 247279 884533 767 56466 884943 104433 234151 39453 63547 1900 296701 296684 1 37267 201658 571956 610497 932184 114885 351233 16095 137378 4542 365575 240665 202132 69747 253445 85704 345043 190343 979720 766120 138514 911110 224008 7893 392352 260 309532 2558 252461 266730 257931 117986 19377 35917 535995
209693 55
513411 417152 159795 411374 607753 301153 907308 503406 203406 764161 281140 85319 824 19107 501295 1312 456079 260042 265564 458339 135062 287824 375684 2596 792848 958090 13166 355614 339432 644024 993670 818157 51849 389246 132428 852297 358296 652177 277166 198160 550599 212720 450708 100882 214341 723740 184 58965 389508 123 494275 636098 813103 475124 474552
230219 77
8 2 2608 9277 122240 121992 441723 854882 49914 216555 895412 912190 143252 259842 106 5776 993112 85841 177898 166784 339460 645195 170686 817321 171280 126376 134059 639145 750782 216411 8239 649955 665785 179879 232115 154680 92949 83739 648752 376433 360542 187852 496764 247543 394876 174 167365 98 419143 7377 1 469995 1301 505912 24163 71709 185528 369278 811669 447278 507455 940306 185783 230784 314911 1346 73333 9706 126027 16621 99049 970115 27867 51812 397521 1156 128136
7101 88
6069 340703 61236 197 5304 624632 129920 510209 177247 804336 302120 520923 23642 4478 598825 358590 861713 511851 18417 205838 83679 882205 348106 970100 216923 959501 898793 172096 344259 746282 766715 16692 597090 434 10208 179951 183904 262177 179539 508433 146608 221661 743151 8565 814408 186520 267603 92001 554905 16605 248467 368311 23953 707819 342292 190640 8258 318510 46579 316776 298819 128214 139790 9382 686812 7265 488060 644602 625303 19492 17477 69211 49006 528814 232737 81896 238066 102133 818460 322922 19166 520735 10140 89578 603007 38607 964025 510287
196859 90
8091 549845 246193 684086 289777 726682 887959 172962 21279 890493 6143 558270 715288 176 386538 17782 133586 282611 230715 168033 688873 342705 726475 457857 1419 104438 136125 65488 925979 558719 18886 761362 507552 113697 382725 377 538628 802706 62229 60339 107601 1611 3341 131030 375908 143482 162434 63567 340836 432615 938719 619805 151930 60708 2244 145507 65533 645708 399507 56137 882822 252084 105208 129221 209794 238951 169560 776916 680269 44970 80650 766132 78069 132017 64490 15952 238275 186149 161166 841226 153851 489614 470 120632 361229 275316 147259 671154 330387 616982
181980 55
423399 365522 737963 6918 11526 2897 273996 537781 245678 141702 3 33367 18154 153453 84671 284417 850458 424072 75620 602991 52240 463664 252761 60082 507873 66794 108806 131678 428965 114472 51432 375663 12673 906973 311228 282095 293087 170907 7050 122839 152954 518919 203575 21048 982846 106 100373 244421 366928 293761 658132 52612 161213 15374 270645
149169 36
33029 171415 796346 660107 401144 49100 47788 225196 17530 46 7 230165 599327 214275 907645 1318 60435 858535 353823 35812 954991 216590 108648 717131 110746 84533 102990 198082 82174 593342 119640 43151 595336 253107 102458 304694
65512 24
783567 74820 903279 577957 497460 1143 644245 89956 52188 604042 142328 368464 526750 156283 129101 29905 208083 696540 2356 122707 192746 387498 329745 40083
199472 10
52407 26295 264418 628401 183680 396104 576019 151833 847560 131563
149144 59
816850 339389 793941 868716 255727 391862 774117 922072 413739 17268 138976 5041 132422 356040 281952 759208 114366 635192 621930 204290 46478 861422 30895 135488 3267 194906 202108 115066 79898 729882 60694 52957 225138 668870 14278 642466 628795 21157 67009 68795 687462 40750 30549 89836 8499 783100 32610 474735 152538 675969 384 910541 436682 797494 42297 119387 41554 469073 709418
86710 18
506448 584615 120491 136480 684749 136725 145580 137806 700079 712812 24273 137347 214637 631985 922888 73190 96864 469083
